 -7.57183915e+01 3.04648960e+00 -7.38918674e+00 -4.37100681e+00 6.03598436e+00 1.30576042e+01 1.30576042e+01 -5.58883015e+00
 -6.04527319e+01 -1.12761229e+01 -8.36305005e+00 -8.15392192e+00 2.24056961e+00 1.15145219e+00 1.15145219e+00 -1.47777624e+01
 -8.36972376e+01 -1.97329181e+01 1.16939877e+01 -5.70878858e-01 9.41544559e+00 -1.84998314e+00 -1.84998314e+00 -8.33225715e+00
 -1.07141669e+02 1.04952080e+01 1.00092879e+01 -8.48167696e+00 -4.37892833e+00 2.00575117e-01 2.00575117e-01 2.81771450e+00
 -7.32906469e+01 -1.11384773e+01 -2.27916682e+00 -1.37528737e+01 1.54116673e+00 3.51564125e+00 3.51564125e+00 -1.09201927e+01
 -7.15575336e+01 -9.16183739e+00 -1.27233731e+01 1.28304439e+01 -1.70805631e+01 -1.53805513e+01 -1.53805513e+01 3.96564390e+00
 -8.84358370e+01 9.92557459e+00 -1.00700081e+01 -1.39912581e+00 -2.20766775e+01 2.04099629e+01 2.04099629e+01 -1.73292386e+01
 -7.85379260e+01 4.08430543e+00 -1.91408809e+01 3.37623549e+01 -2.77632767e+01 -1.47342777e+01 -1.47342777e+01 7.88800324e+00
 -5.28959058e+01 -1.35190925e+01 1.15333140e+01 -1.15603812e+01 -1.61285314e+01 6.03991125e+00 6.03991125e+00 7.64994051e-01
 -7.57051255e+01 7.31927165e+00 -1.17316567e+01 -8.68269543e+00 -2.92869203e+01 4.86409626e+00 4.86409626e+00 2.72158481e+00
 -1.00932091e+02 -2.56086563e+01 -1.18260994e+01 1.33282041e+01 -1.80455096e+01 -1.18809370e+01 -1.18809370e+01 1.16353347e+00
 -8.65903932e+01 -2.61066829e+00 -9.99533309e+00 1.39681288e+01 -5.18459841e-01 -8.91176842e-01 -8.91176842e-01 -9.65244631e+00
 -8.18322641e+01 -5.96671210e+00 -7.01299672e+00 2.82961269e+00 4.28320497e+00 5.29296448e+00 5.29296448e+00 3.52845069e+00
 -6.53019290e+01 4.48396691e+00 -1.50395228e+01 7.82796905e+00 2.78003568e-01 4.37363402e+00 4.37363402e+00 -1.27777802e+01
 -8.51608658e+01 9.32456119e+00 -1.20007536e+01 7.51217783e+00 -1.21809029e+01 -1.10836827e+01 -1.10836827e+01 6.16654572e+00
 -8.07378543e+01 -7.06569545e+00 8.28721353e+00 6.86467535e+00 1.33579508e+01 -2.55924900e+01 -2.55924900e+01 2.41361143e+00
 -8.48565047e+01 -1.32897283e+00 -1.84772224e+01 1.35418761e+01 4.05144830e+00 -1.64140625e+01 -1.64140625e+01 -3.32811908e+00
 -5.03269499e+01 -6.99237424e+00 8.41485452e+00 -9.73228991e-01 3.17985280e+00 -1.75507369e+01 -1.75507369e+01 4.17740705e+00
 -8.10902248e+01 5.47255580e+00 -2.40265604e+00 -1.02497041e+01 -1.05089818e+01 2.50022864e+01 2.50022864e+01 -3.82064142e+00
 -6.34860419e+01 -1.88350192e+01 7.20059923e+00 -1.39239182e+01 5.39050754e+00 -2.25416921e+00 -2.25416921e+00 7.40145564e+00
 -6.19178662e+01 -2.51912151e+01 2.31783575e+00 -1.54944566e+00 1.24814356e+01 -2.55865559e+01 -2.55865559e+01 -1.12497006e+01
 -9.16684382e+01 1.55901795e+01 -4.10067384e+00 1.49146352e+01 -2.01016269e+01 4.11796030e+00 4.11796030e+00 1.26387006e+01
 -7.79498657e+01 2.33718440e+01 -8.94333982e+00 7.19679612e+00 -2.78048133e+01 2.45124999e+00 2.45124999e+00 5.09714149e+00
 -7.92604359e+01 3.33210094e+00 -3.61141770e+00 3.20777577e+00 -1.00552128e+01 -1.24396890e+01 -1.24396890e+01 1.51710100e+01
 -6.39759479e+01 2.35927904e+01 -6.57717574e+00 1.49763621e+01 1.25797279e+01 -7.59621015e+00 -7.59621015e+00 4.09599366e+00
 -6.93255104e+01 -1.82810482e+01 2.00783167e+00 6.32736086e+00 -5.36110213e-02 -5.35848002e+00 -5.35848002e+00 -3.23442795e+00
 -7.83835706e+01 -3.56250452e+00 5.57800732e+00 -1.15546999e+01 2.61846701e+01 -1.37539190e+00 -1.37539190e+00 6.39873616e+00
 -9.01898596e+01 -2.85780666e+00 -4.61089931e+00 9.65755607e+00 -2.50261692e+01 6.11450859e+00 6.11450859e+00 1.22060964e+01
 -6.72004974e+01 -1.57428947e+01 -3.52847409e+00 8.68826249e+00 7.21079036e+00 -3.17218425e+00 -3.17218425e+00 1.14734264e+01
 -9.45837924e+01 -9.99606578e+00 2.42258493e+00 2.18519286e+01 1.56726277e+01 -2.95945008e+01 -2.95945008e+01 -7.26368751e-01
 -7.12643520e+01 -2.71428644e+01 7.37256282e+00 5.09506407e+00 1.59590238e+01 -2.60988754e+01 -2.60988754e+01 2.15278706e+00
 -5.42774605e+01 -7.26828479e+00 1.66429931e+00 8.72903787e+00 -1.45082693e-01 -1.67122866e+01 -1.67122866e+01 3.08045365e+01
 -8.45809937e+01 -1.66417336e+01 3.41343349e+00 -8.93916832e+00 9.75088258e-01 -4.51557963e+00 -4.51557963e+00 -4.09771535e+00
 -7.93965322e+01 1.15859742e+01 1.53547513e+00 4.98355079e+00 5.07282393e-01 3.34860756e+00 3.34860756e+00 1.78005157e+01
 -6.48366613e+01 -5.96181785e+00 -4.67247748e+00 4.88199073e-01 2.38555095e+01 1.69015919e+01 1.69015919e+01 -1.19039286e+01
 -7.83174068e+01 1.67672028e+01 -1.80333324e+01 1.48537009e+01 1.74708313e+01 -2.45981407e+01 -2.45981407e+01 -3.31241744e+00
 -7.43731532e+01 -7.10565703e+00 1.10606453e+01 -1.22062932e+01 1.45190511e+01 -2.88099778e+00 -2.88099778e+00 -2.60911080e+00
 -8.62731473e+01 2.76240784e+00 8.61034326e+00 -7.99803280e+00 -1.33822944e+01 -8.69280825e-01 -8.69280825e-01 5.07230953e+00
 -8.68371162e+01 -9.88376524e+00 1.21853600e+01 -1.27927462e+01 -1.14805357e+01 2.69417445e+00 2.69417445e+00 1.13536632e+01
 -4.38176864e+01 -1.72969750e+01 -2.41912376e+00 -5.47965922e+00 7.87734392e+00 -3.63666763e+00 -3.63666763e+00 7.43015392e+00
 -7.77653510e+01 1.03661237e+01 -1.30708859e+01 2.13165756e+01 -1.08239430e+01 -2.20178604e+01 -2.20178604e+01 2.09451946e+01
 -5.34433157e+01 -1.82566427e+01 9.81427449e+00 3.35850022e+00 -1.37223341e+01 5.09125967e+00 5.09125967e+00 1.21076614e+01
 -6.79428600e+01 -2.40186165e+00 3.38807673e+00 -6.50991075e+00 2.02612156e+01 -4.64334106e+00 -4.64334106e+00 1.18976374e+01
 -8.61090962e+01 -2.08077631e+01 -4.05787352e+00 7.65119001e+00 -2.85668728e+00 -4.28050994e+00 -4.28050994e+00 3.53673738e+00
 -9.58839465e+01 -2.62288022e+01 7.10449258e+00 -7.83631186e+00 2.45077362e+01 -3.91656995e+00 -3.91656995e+00 -1.42285921e+01
 -8.20555010e+01 -1.34085495e+01 -5.79830610e+00 1.20175724e+01 -6.22029997e+00 -5.73767184e+00 -5.73767184e+00 1.41330489e+00
 -6.18192999e+01 9.65623513e+00 6.98877286e+00 -6.77311416e+00 1.32408896e+01 -4.21245218e+00 -4.21245218e+00 1.92933753e+01
 -7.86428612e+01 -1.17415155e+01 -4.96525088e+00 9.00753249e+00 1.43338684e+01 -5.48621812e+00 -5.48621812e+00 -1.27989774e+01
 -7.74578756e+01 -1.12159726e+00 -1.39041234e+01 6.84998660e+00 -2.47403653e+00 3.90371943e+00 3.90371943e+00 -1.01236469e+01
 -7.34522956e+01 -3.33121105e+01 2.58825999e+00 1.44661636e-01 -3.83904070e+00 -8.08287937e+00 -8.08287937e+00 9.79789931e+00
 -1.36967391e+02 -1.31645760e+00 2.90577410e+00 1.52482093e+00 -4.74326282e+00 7.63422756e+00 7.63422756e+00 1.49588755e+01
 -9.45490230e+01 -1.71050038e+01 -1.44974549e+00 4.22381200e+00 1.37936843e+00 -7.40873652e+00 -7.40873652e+00 1.88334878e+01
 -1.04488718e+02 -3.15094259e+00 1.22912049e+01 -7.59148773e+00 1.94997475e+00 2.76470561e+00 2.76470561e+00 -1.10457970e+01
 -7.80691769e+01 -2.69089844e+01 2.06816253e+00 1.33963000e+01 7.62866186e+00 -1.31989083e+01 -1.31989083e+01 1.31031681e+01
 -7.82057770e+01 -1.63127295e+01 1.34650953e+01 -9.18676395e+00 2.25144133e+01 -2.59811363e+01 -2.59811363e+01 1.12445492e+01
 -7.32412002e+01 1.10373619e+01 8.74085193e+00 -1.22590118e+01 -6.53080887e-01 -1.02139691e+01 -1.02139691e+01 2.11197227e+00
 -6.29238478e+01 1.92596633e+01 6.08311873e+00 6.21519806e+00 -1.68271233e+01 -1.17717505e+01 -1.17717505e+01 1.03449821e+01
 -7.83943143e+01 1.38616541e+00 -1.27190198e+00 3.54141315e+00 1.54016478e+01 -8.02897591e+00 -8.02897591e+00 -1.00344844e+01
 -8.19125485e+01 -1.37322533e+01 3.90305778e+00 -1.76787152e+01 1.06353710e+01 1.23427934e+01 1.23427934e+01 -1.46727409e+00
 -1.10090113e+02 5.62863522e+00 -1.23495504e+01 9.90613057e+00 7.98893351e+00 1.51088927e+01 1.51088927e+01 -1.55819786e+01
 -7.14694445e+01 1.36282118e+01 -4.57031461e+00 -1.02250779e+01 3.84367412e+00 1.98888467e+01 1.98888467e+01 -1.09141750e+01
 -5.24746103e+01 -3.27968946e-01 -8.76528516e+00 1.00146764e+01 3.10757819e+01 1.38334337e+01 1.38334337e+01 -3.45284334e+01
 -6.46282787e+01 2.88569396e+00 -3.17904976e-01 -8.43114049e-01 -2.15841550e+00 2.66524640e+00 2.66524640e+00 -4.02337729e+00
 -4.63600203e+01 -2.03951056e+01 -2.00146476e+00 -3.33020999e+00 1.14739533e+01 2.83954986e+01 2.83954986e+01 1.34674944e+00
 -7.86157933e+01 5.58464015e+00 -2.30606648e+00 -2.30518530e+00 -8.63365713e+00 -6.46532897e-01 -6.46532897e-01 1.34907351e+01
 -8.29710857e+01 1.35566354e+01 -6.63650663e+00 -5.50050705e+00 -9.50077414e+00 4.67573089e+00 4.67573089e+00 -1.03114124e+01
 -9.19779184e+01 -5.02922621e+00 5.87694315e+00 -1.43535418e+00 -1.13754093e+01 -1.88960388e+01 -1.88960388e+01 -7.89752950e-01
 -7.60435352e+01 2.10481155e+01 1.65645090e+01 -1.65524639e+00 3.07033597e+01 -1.08347710e+01 -1.08347710e+01 -2.74815028e+00
 -9.19508025e+01 -8.20683467e+00 -1.79208178e+00 -6.26548656e+00 1.49531193e+01 9.73426776e+00 9.73426776e+00 -8.06575412e+00
 -7.62642130e+01 -1.79260066e+01 -1.01831737e+01 -7.16166031e+00 9.45951202e-01 1.18356815e+01 1.18356815e+01 -2.97843204e+00
 -7.26241591e+01 6.53519868e+00 -9.86307816e-02 -6.60334722e+00 -1.61654717e+01 1.11831991e+01 1.11831991e+01 -5.56851567e+00
 -6.80806678e+01 1.35775844e+00 -2.53922334e+01 2.63404224e+01 -1.55073349e+01 1.17244791e+01 1.17244791e+01 -2.84107309e+00
 -5.88417296e+01 -1.43939251e+00 1.60074602e+01 -2.77428456e+01 -5.71839688e-01 1.87416339e+01 1.87416339e+01 7.04329514e+00
 -7.48322410e+01 -2.01551756e+01 -6.61598496e+00 1.43331983e+00 -8.75779707e+00 9.08721079e+00 9.08721079e+00 -5.85394605e+00
 -6.81772207e+01 -9.23313722e+00 -5.41481859e+00 -9.81538046e+00 -2.68446907e+01 2.71897540e+01 2.71897540e+01 8.80785956e+00
 -8.77066391e+01 9.67147638e+00 -1.56203096e+01 -6.59165846e+00 2.10260393e+00 2.42695056e+01 2.42695056e+01 -3.00106959e+01
 -8.88682701e+01 -6.50441324e+00 1.70834483e+00 -9.89544228e-01 -3.44093930e+00 -1.60949352e+00 -1.60949352e+00 6.47455625e+00
 -6.05782680e+01 -4.64748225e+00 -7.68699485e+00 2.04863931e+01 -8.68507012e+00 -1.85232951e+01 -1.85232951e+01 -1.87867778e+01
 -7.19775541e+01 -1.49144532e+01 1.13264176e+01 -7.84182132e+00 6.01105580e+00 -6.21207654e+00 -6.21207654e+00 -2.97454267e+00
 -8.41725132e+01 -1.19558604e+01 2.62428875e+00 -9.58015828e+00 -9.50553878e+00 9.60872812e+00 9.60872812e+00 -3.38175561e+00
 -6.99069550e+01 1.54811092e+01 -7.90546094e+00 -2.93625023e+00 2.41942872e+00 1.08471217e+01 1.08471217e+01 -1.45752156e+01
 -6.10263569e+01 -4.21126007e+00 -6.95373604e+00 3.21840739e+00 -4.16472107e+00 7.01253131e+00 7.01253131e+00 -3.33674223e+00
 -5.93268949e+01 1.81452542e+00 2.27721214e+01 -2.69598626e+01 8.89513339e+00 1.61246613e+01 1.61246613e+01 1.66904640e+01
 -5.77383211e+01 -7.22198462e+00 3.85135087e+00 1.07515547e+01 1.24055793e+01 -1.77477534e-01 -1.77477534e-01 -8.57918046e+00
 -5.51277371e+01 1.54604616e+01 -8.27586404e-01 -1.02813110e+01 -3.94489794e+00 7.94143278e+00 7.94143278e+00 -3.96838121e+00
 -7.93513748e+01 2.82332928e+01 -4.01015746e+00 1.41286733e+01 1.14835454e+01 -5.33774683e+00 -5.33774683e+00 4.82986660e+00
 -7.24686110e+01 1.35034231e+00 -4.05338200e+00 2.62633309e+00 1.12368866e+01 -3.58964126e+00 -3.58964126e+00 -6.42257209e+00
 -9.76423901e+01 9.62080718e+00 -5.43216583e+00 2.12700964e+00 1.19521780e+01 3.64925052e-01 3.64925052e-01 -1.25278980e+01
 -8.77423421e+01 -7.45986025e+00 3.53838015e+00 -4.60748667e+00 -1.62290730e+01 3.50033216e+00 3.50033216e+00 -1.12919849e+00
 -9.39517558e+01 1.13041518e+01 -1.59803969e+01 1.18172328e+01 -5.38824619e+00 -3.82635201e+00 -3.82635201e+00 -1.30964553e+01
 -7.70651510e+01 1.82929211e+01 1.41095347e+00 3.53351540e+00 -1.25626793e+00 1.94642209e+01 1.94642209e+01 -1.17058530e+01
 -7.08448586e+01 3.02740771e+01 3.84787975e+00 6.67588645e+00 -1.13236677e+01 -3.37661180e+00 -3.37661180e+00 7.23750811e+00
 -6.98966282e+01 4.78838962e+00 -1.31967574e+00 1.05210845e+01 -3.03473789e+00 4.63059312e+00 4.63059312e+00 1.35464891e+01
 -6.35922148e+01 7.87881718e+00 4.23709699e+00 7.91454662e+00 -9.84250514e+00 -8.83563528e+00 -8.83563528e+00 1.78985963e+01
 -7.42419341e+01 6.68870245e+00 1.67260903e+00 -1.21731721e+00 -4.27497820e+00 3.77473668e+00 3.77473668e+00 -1.02511516e+00
 -7.70970565e+01 1.68896149e+01 3.41295310e+00 -7.44999386e+00 -2.09674164e+00 1.22562207e+01 1.22562207e+01 8.64147619e+00
 -6.11419417e+01 1.33291716e+00 -9.40585175e-01 -1.38755658e+01 -1.16794377e+01 2.37599947e+01 2.37599947e+01 -5.18659841e+00
 -7.97982633e+01 -1.19628476e+00 1.76488958e+01 -1.80103012e+01 -1.62960888e+01 2.52670296e+00 2.52670296e+00 1.41383758e+01
 -9.85609381e+01 -1.31904650e+01 -2.44329413e+00 -5.96903810e+00 -5.86097972e-01 1.50226911e+01 1.50226911e+01 3.94276458e+00
 -1.04326938e+02 -2.09143434e+01 5.27537950e+00 -1.10139487e+01 -4.63478014e-01 8.06009128e+00 8.06009128e+00 -5.55540374e-01
 -6.19625906e+01 -1.02730740e+01 1.40855550e+01 -2.05469619e+01 2.97119359e+00 7.41960888e+00 7.41960888e+00 1.51006837e+01
 -7.76453429e+01 -3.39564876e+00 8.15081792e+00 -4.85455368e+00 -5.88278040e+00 2.66765000e+00 2.66765000e+00 -5.51003468e+00
 -8.71751102e+01 1.58948544e+01 1.80427814e+01 -2.25512139e+01 4.40925039e+00 1.34365088e+01 1.34365088e+01 -3.67568381e+00
 -1.02724617e+02 2.45732388e+01 -7.39302225e-01 6.52740739e+00 -8.82393528e+00 -6.07662870e-01 -6.07662870e-01 1.00824027e+01
 -4.85121611e+01 6.50675220e+00 -1.11393456e+01 7.57293980e-01 -4.55117358e+00 -3.09110253e+00 -3.09110253e+00 4.08521491e-01
 -7.27814211e+01 1.57927019e+01 1.66259786e+00 1.60701364e+01 -1.00293330e+01 -1.45183878e+01 -1.45183878e+01 1.58355005e+01
 -7.49427719e+01 -9.32636910e+00 5.54932186e+00 -2.17700307e+01 4.80762110e+00 3.44219165e+01 3.44219165e+01 -8.91443847e+00
 -6.40866588e+01 5.17978857e+00 6.20246378e+00 4.61223296e+00 2.79864338e+00 -1.83733104e+01 -1.83733104e+01 -1.81284046e+00
 -6.93936506e+01 2.40784027e+00 6.01712651e+00 3.21062675e+00 -4.70146154e+00 -2.59273268e+01 -2.59273268e+01 1.01312092e+01
 -1.39817197e+01 -1.73971128e+01 -1.82992984e+00 -2.99502517e+00 1.14769570e+01 -1.63849253e+00 -1.63849253e+00 -3.07096969e+01
 -8.42708262e+01 -1.41708342e+01 -1.84570805e+00 -1.13727661e-01 -8.13547867e+00 1.28475205e+01 1.28475205e+01 -1.82432070e+01
 -8.73194241e+01 1.83559085e+01 3.11134932e+00 -9.73908503e+00 -5.66144870e+00 2.86893150e+01 2.86893150e+01 -1.71251748e+01
 -6.99852602e+01 1.68856459e+01 1.51603659e+01 -1.69501020e+01 -2.58588325e+00 1.62632042e+01 1.62632042e+01 1.12641232e+00
 -8.63386840e+01 1.56735441e+01 1.37958467e+01 -7.01796869e+00 7.05869524e+00 1.27292409e+01 1.27292409e+01 1.86526464e+01
 -6.48616726e+01 -1.10191874e+01 -2.58780267e+00 -4.73718436e+00 4.67703954e+00 1.53524892e+01 1.53524892e+01 -1.39928244e+00
 -6.52371826e+01 -2.33825642e+00 1.32765276e+00 -1.65665768e+01 -1.10963826e+01 1.90948191e+01 1.90948191e+01 2.71183651e+00
 -6.59288338e+01 8.27142056e+00 -1.22924441e+01 8.89420071e+00 1.21664981e+00 9.92084674e+00 9.92084674e+00 -1.93704384e-01
 -7.47667961e+01 1.31206215e+01 -5.03391849e+00 -5.58811249e+00 5.63727552e-01 1.45106113e+01 1.45106113e+01 -8.19471622e+00
 -6.83432815e+01 7.97690264e+00 -9.14682307e+00 7.89503477e+00 -6.57737945e+00 3.75136973e+00 3.75136973e+00 9.92337328e-01
 -6.09275719e+01 -3.46596775e+00 4.85541023e+00 1.78490554e+01 1.15356283e+00 -2.90344821e+01 -2.90344821e+01 1.50479270e+01
 -6.21192437e+01 -3.61446016e+00 -8.82341866e+00 1.95001546e+01 7.96532004e-01 -3.49171118e+00 -3.49171118e+00 1.25383762e+01
 -8.38601073e+01 1.45640176e+01 7.66419172e+00 6.36705079e+00 -1.34492192e+01 -6.53466147e+00 -6.53466147e+00 1.71903300e+01
 -9.64022770e+01 1.71760115e+01 -9.40422592e+00 1.23736988e+01 -4.79923539e+00 1.66750395e+01 1.66750395e+01 -8.69488251e+00
 -1.12329323e+02 -1.30000117e+00 -1.64080121e+01 1.17558973e+01 1.14241972e+01 -2.33044353e+00 -2.33044353e+00 -1.78603883e+01
 -1.05271876e+02 -1.50934494e+01 -3.19091888e+00 1.09620719e+01 1.59955091e+01 -7.73807587e+00 -7.73807587e+00 -9.71856290e+00
 -7.59979033e+01 -8.25384179e+00 1.98515320e+00 1.85763396e+00 -7.36227932e+00 -1.24186093e+01 -1.24186093e+01 5.92230487e+00
 -8.31520841e+01 1.66208806e+01 2.25639329e+01 3.77750856e+00 7.61233487e+00 -1.90203374e+01 -1.90203374e+01 5.30183879e+00
 -8.04703674e+01 -1.57624432e+01 1.32349671e+01 -1.66028200e+01 1.57129261e+01 9.46157090e+00 9.46157090e+00 -1.78096420e+01
 -5.81919030e+01 -9.77386850e+00 6.72174187e+00 1.21912364e+01 9.06713208e+00 -2.74752184e+01 -2.74752184e+01 8.99259554e+00
 -5.62778374e+01 -1.66602686e+01 6.52742685e+00 -9.09774603e+00 1.40653732e+01 -1.45439033e+01 -1.45439033e+01 -2.82361965e+01
 -5.73134235e+01 -9.41859881e+00 5.00575440e+00 -4.00391611e+00 1.21947773e+01 -4.82412736e+00 -4.82412736e+00 -1.10697095e+01
 -6.06721917e+01 -1.84832490e+01 4.08638452e+00 -1.04372851e+01 6.40804543e+00 -3.86621634e+00 -3.86621634e+00 -6.08690167e+00
 -8.32269519e+01 1.48239305e+01 1.70670874e+01 -1.00896317e+01 9.63777046e+00 -9.03689690e+00 -9.03689690e+00 -1.79168839e+01
 -7.89452710e+01 5.09810224e+00 4.35104249e+00 -6.05521089e+00 9.79799529e+00 -5.04788781e+00 -5.04788781e+00 7.34149760e+00
 -7.79084635e+01 4.22262186e+00 -7.05564872e-01 2.91320994e-01 -1.52347235e-01 -1.24370309e+01 -1.24370309e+01 -4.78043148e+00
 -7.66322109e+01 -1.05148910e+01 -2.38581893e+00 9.14335867e+00 1.38680895e+01 -1.10380766e+01 -1.10380766e+01 -1.15086116e+01
 -8.45319271e+01 -1.95061386e+01 2.21368761e+00 1.92841937e+01 8.89953953e+00 -1.18030865e+01 -1.18030865e+01 1.86162605e+01
 -9.81951472e+01 6.64839500e+00 3.64336190e+00 -1.17190010e+01 -2.58790117e+01 -5.27739927e+00 -5.27739927e+00 1.61895641e+01
 -8.14653821e+01 -4.44034896e+00 5.31639236e+00 -1.35714003e+01 -1.46334842e+01 1.02604483e+01 1.02604483e+01 -8.60983073e+00
 -8.59714763e+01 1.07702393e+01 4.61282101e+00 -2.77526312e+00 -3.75303340e-01 -2.16591688e+01 -2.16591688e+01 2.09079981e+01
 -7.92926615e+01 -1.12545292e+01 -1.53923268e+01 2.75992030e+01 -2.27647636e+01 -2.40111998e+01 -2.40111998e+01 1.15474021e+01
 -7.68773237e+01 7.63982556e+00 -5.91609572e+00 1.27263625e+01 -1.65932771e+00 7.82343410e+00 7.82343410e+00 8.75889036e+00
 -7.26450872e+01 -4.12911621e+00 2.89536662e+00 -1.27109369e+01 2.12176374e+01 1.41890907e+01 1.41890907e+01 -4.22301967e+00
 -6.87633528e+01 6.49530895e+00 -5.02894890e-01 -1.56265627e+01 1.71903171e+01 1.11369646e+01 1.11369646e+01 -1.73207927e+01
 -6.56943286e+01 -1.54520872e+01 -3.99751549e+00 2.17753567e+00 -2.09206169e-01 -1.74109495e+00 -1.74109495e+00 -4.58014468e+00
 -8.37694254e+01 -2.04607279e+01 2.55010674e+00 4.67002973e+00 3.90282468e+00 -2.69462602e+00 -2.69462602e+00 2.85268110e+00
 -9.01318282e+01 -1.23386765e+00 2.68031412e+00 -5.11004835e+00 -1.12100969e+01 2.21392940e+00 2.21392940e+00 6.82615060e-01
 -8.76390703e+01 -5.53214528e+00 1.01608684e+01 -1.68512184e+01 -1.46641391e+01 1.06876533e+01 1.06876533e+01 2.35353701e+01
 -8.82230330e+01 5.20542431e+00 -7.96979925e+00 -1.83017820e+01 -8.08564009e+00 2.60128171e+01 2.60128171e+01 -2.27983251e+01
 -6.48958444e+01 -1.56870341e+01 -9.26971722e+00 2.23941437e+01 9.85890559e+00 -4.97324268e+00 -4.97324268e+00 2.97153679e+00
 7.43278140e+01 -2.73654269e+01 -1.61963272e+01 4.89951621e+00 -4.53987079e-01 6.84839046e+00 6.84839046e+00 6.69680734e+00
 7.54170372e+01 -2.44907564e+01 -2.25198099e+00 -5.28067477e+00 -3.07629469e+00 1.56350337e+01 1.56350337e+01 -7.25612215e+00
 7.50718400e+01 -3.01742864e+01 2.55146804e+00 -4.11469544e+00 -1.33116233e+01 9.98578049e+00 9.98578049e+00 9.58446600e+00
 8.11703498e+01 -3.35182863e+01 7.24090034e+00 -1.12399312e+00 -8.04480725e+00 -1.13905822e+01 -1.13905822e+01 1.35945412e+01
 8.92576633e+01 -3.10018557e+01 1.52160388e+01 -1.14471647e+01 -4.39159116e+00 6.28261255e+00 6.28261255e+00 8.07190949e+00
 1.01904425e+02 -1.82836833e+01 1.31491275e+01 -2.83981461e+00 -1.71910644e+00 -3.76625380e+00 -3.76625380e+00 1.73172060e+01
 1.15586239e+02 -2.41951485e+01 -7.99496136e+00 1.07132568e+01 -1.49197420e+01 -9.75732110e+00 -9.75732110e+00 9.17731215e+00
 1.15008288e+02 -1.72086139e+01 1.03495463e+01 -1.13711570e+01 4.06972525e+00 -3.20120702e+00 -3.20120702e+00 2.60326910e+01
 9.52674047e+01 -2.08874179e+01 1.50714786e+00 -3.48958125e+00 7.42406490e+00 7.16806252e+00 7.16806252e+00 1.11849277e+01
 8.20213079e+01 -8.55594431e+00 -4.61587264e+00 1.15822313e+01 -1.03671283e+01 -6.22429848e+00 -6.22429848e+00 1.02638194e+00
 7.10861072e+01 -6.05229975e+00 7.76108981e+00 -2.50643444e+00 -4.41056192e+00 -3.77185319e+00 -3.77185319e+00 9.72934196e+00
 9.02901588e+01 -6.33731716e+00 -7.16004496e+00 8.62830767e+00 -2.92727764e+00 -5.36229447e-01 -5.36229447e-01 -2.14953463e+01
 8.86417607e+01 -1.73316601e+01 -3.00414596e+00 2.85524982e+00 -9.05078155e-01 2.82521372e-01 2.82521372e-01 3.74285722e+00
 8.54944907e+01 -2.29869898e+01 6.78749683e+00 -1.25152332e+01 -2.51153762e+00 1.07358802e+01 1.07358802e+01 3.78360933e+00
 9.15072530e+01 -2.27667784e+01 -8.37040517e+00 9.64652589e+00 -1.10778336e+01 -2.24403485e+00 -2.24403485e+00 -2.04928150e+00
 7.34132268e+01 -1.06316373e+01 2.05199484e+00 7.13245471e+00 6.40959225e+00 -2.07127134e+01 -2.07127134e+01 -7.30950701e+00
 7.30584993e+01 -2.33215459e+00 -1.30415845e+01 7.51876945e+00 -1.84452415e+01 3.67252885e+00 3.67252885e+00 -3.36623563e+00
 8.02672542e+01 -2.12188144e+01 5.83073893e-01 4.34395382e+00 -7.11185140e-01 -1.11357354e+01 -1.11357354e+01 4.01697404e+00
 8.15450346e+01 -1.16959381e+01 -8.73989560e+00 1.42916259e+01 -2.93519183e+01 -9.67964974e+00 -9.67964974e+00 1.59395087e+01
 7.23799072e+01 -6.70313599e+00 -8.34288755e-01 1.30401841e+01 -9.03084758e+00 1.08512830e+00 1.08512830e+00 1.61284338e-02
 6.95211255e+01 -1.66835641e+01 -1.41365116e+01 2.30277251e+01 -2.12781659e+01 -2.00629732e+01 -2.00629732e+01 5.53143689e+00
 7.99288665e+01 -4.36375653e+00 1.02525240e+00 -6.89930036e+00 -7.25908082e+00 9.68618318e+00 9.68618318e+00 1.90086447e+01
 9.83609132e+01 -1.97261817e+01 2.53569188e+00 -3.82773038e+00 6.49373785e+00 6.39885899e+00 6.39885899e+00 -1.40746416e+01
 8.28387797e+01 -1.72427756e+01 -1.44063561e+01 5.39440585e+00 1.51938316e+01 3.73616808e+00 3.73616808e+00 -2.79809543e+01
 9.04666243e+01 -3.01860664e+01 -1.14043261e+01 -1.84224863e+00 3.15743962e+00 1.60831893e+01 1.60831893e+01 -2.43955364e+01
 8.31310506e+01 -7.78779632e+00 2.99947606e+00 -5.35441014e+00 4.57990915e+00 -2.59798048e+00 -2.59798048e+00 6.89943681e+00
 8.70616179e+01 -8.46776763e+00 -3.07053885e+00 1.44183040e+01 -1.29066968e+00 -1.90959783e+01 -1.90959783e+01 -3.23774649e-01
 8.29772130e+01 -3.07113793e+01 -1.64947997e+00 -1.80236131e+00 7.68684142e+00 8.09783187e+00 8.09783187e+00 -9.49816437e+00
 7.41438381e+01 -9.20631262e+00 -2.47391929e+00 -9.46550601e+00 6.33911588e+00 2.11785128e+00 2.11785128e+00 -7.78459175e+00
 7.42213982e+01 6.89978311e+00 3.79538876e+00 8.44305793e+00 -8.57144194e+00 -5.33540273e+00 -5.33540273e+00 1.38959724e+01
 8.08548001e+01 -1.90720725e+01 2.95455540e+00 1.66769153e+00 1.03764395e+01 -1.02693431e+01 -1.02693431e+01 4.99551742e-01
 8.50838189e+01 -3.63652441e+00 -1.90065220e+00 8.00880147e+00 -9.16074512e+00 -7.32260241e+00 -7.32260241e+00 4.16019184e+00
 8.70632970e+01 -7.16100098e-01 -7.68882894e+00 1.05487643e+01 -7.56870064e-01 -8.75114436e+00 -8.75114436e+00 9.86448277e+00
 8.37876378e+01 -2.20503706e+01 -1.01400414e+01 1.32327482e+01 -9.55573589e+00 -7.99596240e+00 -7.99596240e+00 -2.91345715e-02
 9.23896235e+01 -7.98650875e+00 1.03049843e+00 1.60478331e+01 3.94429125e+00 -2.09068774e+01 -2.09068774e+01 -2.39991820e+00
 8.32549821e+01 1.46758717e+01 -2.94798068e+00 8.65690592e+00 -2.41144842e+01 5.59169290e+00 5.59169290e+00 2.08620886e+01
 7.89561173e+01 -3.20935049e+01 -4.70248873e+00 1.30267236e+00 -1.49072857e+00 -1.99010055e+01 -1.99010055e+01 8.77831179e-01
 6.29647398e+01 8.65049378e+00 5.14014322e-01 1.79377972e+01 -7.57169448e+00 -1.93378897e+01 -1.93378897e+01 8.03206958e+00
 9.58173109e+01 4.33460422e+00 5.99958909e+00 -4.13119071e+00 -7.59910677e+00 7.17367366e-01 7.17367366e-01 9.24328562e+00
 8.60690197e+01 -1.80648761e+01 7.15846580e+00 2.58699111e+00 -1.46682975e+01 -1.23475610e+01 -1.23475610e+01 1.67613852e+01
 8.95297797e+01 2.90158489e+00 5.86553065e+00 -1.22241266e+01 -4.96447881e+00 8.33115675e+00 8.33115675e+00 -1.57888271e+01
 9.98551262e+01 -1.70774751e+01 4.58264388e-01 -2.44767688e+00 -8.28996678e+00 2.01589254e+01 2.01589254e+01 -2.00245167e+01
 9.46976425e+01 -2.04092767e+01 -1.05660835e+01 -3.23819565e+00 -2.41680244e+01 1.73126626e+01 1.73126626e+01 -3.15839129e-01
 7.85051119e+01 -2.24632345e+01 7.09829033e-01 -7.08201003e+00 1.46024934e+01 -3.51237035e+00 -3.51237035e+00 1.67519640e+00
 8.41615723e+01 -2.36263514e+01 2.96659895e-01 1.02314953e+01 8.35941549e+00 3.79333658e+00 3.79333658e+00 3.83389488e+00
 7.93525884e+01 1.24385598e+01 -4.14778572e+00 -6.33255470e+00 -6.24113072e+00 1.88793966e+01 1.88793966e+01 -1.33617044e+01
 9.82853010e+01 -2.34818605e+01 3.86303277e+00 -3.22983756e-01 3.54430601e+00 2.94262556e+00 2.94262556e+00 7.30869045e+00
 7.84730984e+01 -1.62956423e+01 -1.07666593e+00 7.81158580e+00 2.36044848e+01 -9.80464783e+00 -9.80464783e+00 -6.11021354e+00
 9.86514771e+01 -3.44771840e+01 -7.72664110e+00 -3.27617871e+00 3.13820348e+00 2.07334741e-01 2.07334741e-01 -5.31124920e+00
 7.17843861e+01 -1.52120210e+01 -4.62409868e+00 1.16327710e+01 2.20418946e+00 5.25040834e+00 5.25040834e+00 2.49991442e+00
 8.11550612e+01 -1.98267218e+00 9.44264653e+00 -6.49023204e+00 3.08964689e-01 -8.53568246e+00 -8.53568246e+00 6.53717689e+00
 9.58163650e+01 -4.20119680e-01 -2.21144711e+00 -1.22935129e+01 1.40107105e+00 2.59598257e+01 2.59598257e+01 -1.80098583e+01
 9.55855312e+01 -2.29267078e+01 1.60697775e+00 -1.29244731e+01 -1.22412271e+01 7.08502609e+00 7.08502609e+00 -6.70005699e+00
 8.45493181e+01 -2.58038046e+00 4.34491975e+00 -1.99499523e+01 5.96533981e+00 1.62356222e+01 1.62356222e+01 -2.40585696e+00
 9.02687174e+01 1.09601555e+01 -2.28719734e+00 -7.03795781e+00 6.89650828e-01 3.48075512e+00 3.48075512e+00 -1.93241771e+00
 6.39518096e+01 3.45846860e+01 6.16501942e+00 -1.36035282e+01 1.21907098e+01 4.21371019e+00 4.21371019e+00 4.41079240e+00
 4.43160572e+01 3.77626332e+01 1.33379194e+01 -2.93502904e+01 1.62124600e+01 9.82365299e+00 9.82365299e+00 -3.29826455e+00
 3.84494187e+01 5.18988936e+01 1.46992847e+01 -1.37007207e+01 2.07045234e+01 -1.40838242e+01 -1.40838242e+01 2.60987056e+00
 6.50552292e+01 3.59159212e+01 -2.45148145e+00 2.19848696e+00 1.07019553e+01 -1.27033334e+01 -1.27033334e+01 6.12231300e+00
 4.75475115e+01 4.67751979e+01 7.32313462e+00 -1.23296883e+01 1.86116175e+01 1.57932393e+01 1.57932393e+01 4.38763142e+00
 7.68430507e+01 -1.61179658e+00 4.31614948e+00 -1.42252258e+01 1.22310632e+01 1.02554047e+01 1.02554047e+01 -5.00531758e+00
 8.19308011e+01 -5.30825527e+00 -4.32280632e+00 9.02860436e+00 7.65497466e+00 -1.47141860e+01 -1.47141860e+01 -7.40798841e+00
 1.10655969e+02 -1.20821827e+01 5.27736898e+00 -1.45949197e+01 2.17175344e+00 2.02429078e+01 2.02429078e+01 1.77018161e+00
 6.51808013e+01 3.62768618e-01 5.95676534e+00 -1.58473767e+00 5.57164491e+00 8.72662086e+00 8.72662086e+00 1.19112704e+01
 7.99719967e+01 -1.79604954e+01 2.04921205e+00 4.00505827e+00 -6.49700353e+00 7.51047486e-01 7.51047486e-01 3.98809247e+00
 9.33555899e+01 -2.22899348e+01 6.97387246e+00 -4.98861842e+00 -7.02927639e-01 1.18446122e+01 1.18446122e+01 1.14248240e+00
 1.01492707e+02 -1.16173633e+01 9.11503374e+00 -3.66051540e+00 2.39113015e+01 -3.24200910e+00 -3.24200910e+00 -9.59175154e+00
 6.94468056e+01 -7.77660724e+00 1.31111076e+00 4.13412461e+00 1.05720630e+01 -4.54688827e+00 -4.54688827e+00 1.36943018e+00
 6.81766666e+01 4.28733135e-01 8.88605594e+00 -4.57832248e+00 -9.99876967e+00 3.81511387e+00 3.81511387e+00 1.82496710e+01
 7.73724579e+01 1.18533771e+01 3.85730885e-02 3.74105729e+00 7.35376731e+00 -1.63208007e+00 -1.63208007e+00 -1.32333694e+01
 9.20854657e+01 5.69152316e+00 1.02151003e+01 -5.39388814e+00 -2.08124002e+00 1.60901446e+01 1.60901446e+01 4.36701093e+00
 6.70413245e+01 2.52752592e+01 -6.46863014e+00 1.89259875e+00 -1.12723742e+00 4.44557451e+00 4.44557451e+00 -1.26446852e+00
 6.85573702e+01 1.61959559e+01 -1.83220979e+00 9.21054922e+00 3.85342391e+00 -4.92460316e+00 -4.92460316e+00 3.68558961e+00
 8.40665446e+01 4.43097264e+00 -8.60350187e+00 6.73780385e+00 -1.49666204e+00 -1.17105961e+01 -1.17105961e+01 -7.55353704e+00
 6.62884494e+01 -1.87008250e+01 6.81327228e+00 -3.20304608e+01 -5.83611546e-01 3.49679731e+01 3.49679731e+01 2.44712441e-01
 5.37969366e+01 1.03246540e+01 -1.63849127e+01 3.19861196e+00 9.63687646e-01 -3.99725333e+00 -3.99725333e+00 -4.70223240e+00
 5.98008065e+01 2.25193876e+01 -1.40204405e+01 2.19444065e+01 -1.85498103e+01 -1.84957598e+01 -1.84957598e+01 1.48198852e+01
 8.22280333e+01 -4.87756948e+00 1.50034851e+01 -1.52138631e+01 3.12196822e+00 -7.19359951e+00 -7.19359951e+00 3.38834253e+01
 9.00234790e+01 4.47495553e+00 -3.34187777e+00 -1.09774988e+00 4.93277527e+00 1.07941571e+01 1.07941571e+01 -5.63690541e+00
 9.80447292e+01 -7.17640225e+00 -1.41669346e+00 1.08059061e+01 1.00434533e+01 -7.71441240e+00 -7.71441240e+00 -5.48119056e+00
 7.07369603e+01 2.15491973e+01 8.24366146e-01 1.54951508e+01 7.62934501e+00 -2.13513201e+01 -2.13513201e+01 7.73946261e+00
 7.29901669e+01 2.58636962e+01 -4.05900662e+00 1.19356468e+00 -9.87903552e+00 -8.49133765e+00 -8.49133765e+00 -1.46139855e+00
 7.84939745e+01 8.45605171e-01 9.53132806e-01 -6.74752191e+00 -5.00179088e+00 1.08204571e+01 1.08204571e+01 3.56316227e-01
 8.03301239e+01 -9.50610731e+00 -1.14614477e-02 -1.20330531e+00 8.22213483e-01 3.27800089e+00 3.27800089e+00 -5.06576140e+00
 6.70841049e+01 1.32531107e+01 -4.82214066e+00 8.15074065e+00 -1.52383958e+00 -1.28000798e+01 -1.28000798e+01 -3.34470943e+00
 7.27733178e+01 1.42891276e+01 5.58139215e+00 -1.32692334e+01 2.08192481e+01 1.39074995e+01 1.39074995e+01 -1.46265386e+01
 5.86558152e+01 -7.17103126e+00 -1.73330638e+00 1.53756463e+01 -6.66264706e+00 -6.43308637e+00 -6.43308637e+00 8.63063113e+00
 6.88379236e+01 -1.17612400e+01 6.89152983e+00 -6.25365828e+00 -1.48750281e+01 -2.29957539e+00 -2.29957539e+00 1.21439919e+01
 8.69082348e+01 -2.45017342e+01 7.31739698e+00 -5.84361261e+00 -3.12034436e+00 1.16920441e+01 1.16920441e+01 -2.76931494e+00
 1.00369963e+02 -2.87017664e+01 -4.57039899e+00 4.57066915e+00 1.78643652e+00 -1.87716319e+01 -1.87716319e+01 -1.19925220e+00
 8.41501566e+01 -1.05877517e-01 -3.37020517e+00 -5.68634513e-01 -1.48846859e+00 4.71692798e+00 4.71692798e+00 2.06780044e-01
 6.76001138e+01 2.73849432e+01 -1.92482899e+00 -5.16029138e+00 -1.79570825e+01 -1.84234046e+00 -1.84234046e+00 6.80305011e+00
 7.91293595e+01 1.34476138e+01 2.21271267e+00 9.43461765e-01 9.94501100e+00 4.94136362e+00 4.94136362e+00 -1.11699613e+01
 6.65086731e+01 2.68492863e+01 -6.93810735e+00 7.74724691e+00 1.92518590e+00 1.48439740e+00 1.48439740e+00 -1.99011152e+01
 8.07140038e+01 3.14779627e+00 -5.73681641e+00 1.03070415e+01 4.32517973e+00 1.15116343e+00 1.15116343e+00 -9.09890526e+00
 9.30363733e+01 5.22798948e+00 4.82604536e+00 -2.95254427e+00 1.40984495e+01 2.26106756e+00 2.26106756e+00 -1.55677332e+01
 1.05938168e+02 2.70213173e+00 2.31496423e+00 7.75486147e+00 -2.10790648e+01 -9.74658187e+00 -9.74658187e+00 9.33264887e+00
 7.62484225e+01 6.16009495e+00 -1.31795446e+00 5.39825651e+00 6.26356896e+00 -1.84883513e+00 -1.84883513e+00 -3.04989515e+00
 5.83918259e+01 1.76502025e+01 1.17378853e+01 -9.99032851e+00 3.07011251e+01 -2.26304808e+00 -2.26304808e+00 -1.24910354e+01
 6.17514552e+01 3.63901260e+01 1.26520720e+00 -2.07401975e+00 -1.50334432e+00 -5.54504847e+00 -5.54504847e+00 1.71489278e+00
 4.52425391e+01 2.84562211e+01 -1.13990428e+01 1.44036809e+01 -1.35892526e+01 -6.73822963e+00 -6.73822963e+00 -6.32278238e-01
 5.45722313e+01 2.37460040e+01 6.41475753e+00 -1.04367293e+01 3.23649466e+00 1.01976525e+01 1.01976525e+01 3.56861831e+00
 8.28295348e+01 1.30397513e+01 5.89440238e+00 -5.65364168e+00 -1.03843257e+01 -8.49763106e+00 -8.49763106e+00 1.35622398e+00
 1.13652620e+02 -3.49139921e+01 -2.90484576e+00 2.16967325e+00 -5.79486046e+00 4.26606174e+00 4.26606174e+00 7.67180494e+00
 7.03883990e+01 7.30835744e+00 -6.69947956e+00 4.61808689e+00 -8.16169504e-01 -3.06313479e+00 -3.06313479e+00 -9.31496572e+00
 7.58824269e+01 -1.03302745e+01 7.07923305e+00 -1.03096036e+00 2.16101262e+01 -1.49202136e+00 -1.49202136e+00 -6.09660533e+00
 9.27343176e+01 -1.45617842e+01 -2.05896018e-01 2.55133428e+00 7.02403293e+00 5.79909004e+00 5.79909004e+00 -9.09004006e+00
 9.63819405e+01 -3.47348189e+01 -2.87455427e+00 -1.63165933e+01 9.53545126e+00 1.57680060e+01 1.57680060e+01 -2.18279418e+01
 7.66345610e+01 1.45373211e+00 -1.55597143e+01 1.94067655e+01 -3.05892956e+01 -1.31704792e+01 -1.31704792e+01 1.00333769e+01
 5.76378584e+01 2.14016968e+01 -2.04307088e-01 2.31745502e+00 1.71258821e+01 -3.91319659e-01 -3.91319659e-01 1.14922951e+00
 8.36145930e+01 9.10210038e+00 -3.64902007e-01 5.04880057e+00 1.36750436e+01 -1.84055697e+01 -1.84055697e+01 -4.20569459e+00
 8.44820143e+01 -1.21386361e+00 1.55337771e+00 -6.81910589e+00 1.20001593e+00 9.18015305e+00 9.18015305e+00 4.38442546e+00
 7.64555609e+01 -7.61196050e+00 9.74402764e+00 -7.86698292e+00 9.28830245e+00 6.79368173e+00 6.79368173e+00 -9.32850419e+00
 6.88555216e+01 4.32712486e-01 1.11057975e+01 -9.27591659e+00 -1.77898016e+00 1.25986846e+01 1.25986846e+01 1.43180742e+00
 8.13952709e+01 2.09921909e+00 2.17949489e+00 4.50975150e+00 -8.32035350e+00 -1.76501746e+01 -1.76501746e+01 1.84936897e+00
 7.17509060e+01 1.27311920e+01 2.30633637e+00 -9.55384473e+00 8.71972090e+00 -1.68184017e+00 -1.68184017e+00 -3.18252131e+00
 1.00216604e+02 5.49994065e-01 -2.10135026e+01 1.62307690e+01 -1.41099852e+01 3.45208063e+00 3.45208063e+00 -7.70043379e+00
 1.02805930e+02 -1.43524761e+01 -1.93120317e+01 1.66228477e+01 -1.51889107e+01 7.29756700e+00 7.29756700e+00 -8.00591656e+00
 6.52394439e+01 2.20351662e+01 -7.55627717e-01 -1.03817063e+01 -3.07673916e+00 8.86032736e+00 8.86032736e+00 1.58263810e+00
 6.76387861e+01 1.82348406e+01 4.26436224e+00 -1.09030369e+01 1.02296522e+01 4.56539278e+00 4.56539278e+00 -3.02307079e+00
 6.34647947e+01 1.83350190e+01 7.02401045e+00 -1.79122252e+01 -2.09170339e+00 1.32687072e+01 1.32687072e+01 -1.06055643e+01
 8.49726701e+01 -1.36508983e+00 -9.24301091e+00 1.68976183e+01 6.03520231e-01 -1.88464936e+01 -1.88464936e+01 -4.10773756e+00
 8.44360117e+01 -9.69208288e+00 2.78337321e+00 5.35101341e+00 2.41488364e+00 -4.64018383e+00 -4.64018383e+00 1.20794165e+01
 6.51107934e+01 -1.94101867e+01 1.96804053e+01 -1.13654972e+01 2.14709548e+01 -2.70083387e+00 -2.70083387e+00 -4.43728674e+00
 6.55115894e+01 3.75709650e+01 1.17087869e+01 5.90337762e+00 1.27473346e+01 -2.79745061e+01 -2.79745061e+01 1.46096973e+01
 7.80522429e+01 1.05741102e+00 8.18174428e+00 -4.97808491e+00 6.21154076e+00 5.68390779e-02 5.68390779e-02 1.66382638e+01
 7.71760375e+01 -4.47540030e+00 -3.46494667e+00 6.86725316e+00 -1.65412044e+01 -8.29360334e+00 -8.29360334e+00 8.06084834e+00
 6.63464062e+01 -4.16638322e+00 -8.67749541e+00 7.90899946e+00 -2.69514891e+01 5.39518057e+00 5.39518057e+00 7.97180915e+00
 7.15889050e+01 1.63759926e+01 -8.70330161e+00 1.66638847e+01 -8.20323424e+00 -6.78066434e+00 -6.78066434e+00 5.55588959e+00
 7.37405102e+01 3.27400988e+01 7.96699393e+00 -3.10433922e+00 1.33588939e+01 -1.15789624e+01 -1.15789624e+01 5.09717786e+00
 5.17637970e+01 3.64800152e+01 -6.91478088e+00 5.41335989e+00 6.67316324e+00 -8.52354044e+00 -8.52354044e+00 1.03057776e+00
 4.43224570e+01 5.64631711e+01 -5.24303205e+00 -2.03243917e+00 -2.97268220e+00 -3.77071905e-01 -3.77071905e-01 -6.64933868e+00
 5.05618435e+01 4.30754911e+01 6.53684112e+00 -1.23169687e+01 1.01805478e+01 1.70108676e+00 1.70108676e+00 -6.84913018e+00
 5.60041789e+01 1.44257897e+01 9.25739544e+00 -2.95229185e+00 1.72013464e+01 -7.45866701e+00 -7.45866701e+00 -1.03181374e+01
 7.58583131e+01 1.07084661e+01 5.19186597e+00 -3.40202129e+00 1.37841591e+01 -3.67492211e+00 -3.67492211e+00 8.81245773e+00
 5.12143081e+01 6.42298444e+00 4.22893978e+00 -1.97975993e+01 8.47730656e+00 2.07478708e+01 2.07478708e+01 -2.78810096e+01
 5.58102026e+01 4.22942340e+01 -1.60081038e+01 2.33604874e+01 -1.12174965e+01 -1.04910495e+01 -1.04910495e+01 -2.39516522e+00
 6.25797222e+01 6.37643653e+00 -1.15913216e+01 -9.35389275e+00 -1.42854282e+00 1.66601777e+01 1.66601777e+01 -1.19461339e+01
 5.61322146e+01 1.82160199e+01 -6.18748024e+00 -1.59394550e+00 -2.36855293e+01 4.39727178e+00 4.39727178e+00 1.26138780e+01
 5.39572664e+01 1.21316943e+01 9.67775748e+00 5.02326954e+00 -2.67866247e+00 -1.37013787e+01 -1.37013787e+01 1.89059020e+00
 3.29268684e+01 3.48468691e+01 -1.56487661e+01 1.25736887e+01 4.01890915e+00 -5.05203497e+00 -5.05203497e+00 -1.61026627e+01
 5.09859017e+01 2.38220367e+01 7.32151662e-01 5.51825982e+00 -1.16499012e-01 -2.15690244e+00 -2.15690244e+00 -8.40759549e+00
 5.54669594e+01 3.23695538e+00 -5.76601127e-01 8.54563050e-01 -1.50643513e+01 2.40003773e+01 2.40003773e+01 1.38168364e+01
 5.37876497e+01 4.29945995e+01 3.46604493e+00 -1.04321299e+00 -4.34759542e+00 -1.54489557e+01 -1.54489557e+01 8.50086351e+00
 5.53424743e+01 4.83104439e+01 -1.76505599e-01 -1.07198831e+01 -8.05551540e+00 1.47058558e+01 1.47058558e+01 -4.53939514e+00
 5.13608743e+01 5.16752178e+01 -1.81061711e+00 9.26056995e-01 -7.99167759e-01 7.68003965e+00 7.68003965e+00 -7.58034946e+00
 4.25615296e+01 5.25330384e+01 1.22241349e+01 -2.03761220e+00 6.45082395e+00 8.41385063e-01 8.41385063e-01 1.56104541e+00
 6.57330175e+01 4.12893380e+01 -6.01938645e-01 2.68146975e+00 2.63501242e+00 -9.23949683e-01 -9.23949683e-01 -5.02940719e+00
 7.22142205e+01 4.50874427e+00 3.63382915e+00 -1.20017080e+01 -1.70346045e+00 5.17524081e+00 5.17524081e+00 6.73258314e+00
 5.11055782e+01 6.85592775e+00 2.79840521e+00 -8.36067118e+00 2.20263925e+01 2.10748834e+01 2.10748834e+01 -5.19419326e+00
